64.99
64.99
59.99
39.99
39.99
79.99
39.99
39.99
59.99
59.99
84.99
84.99
47.99
69.99
69.99
64.99
39.99
84.99
47.99
47.99
47.99
69.99
39.99
39.99
49.99
49.99
69.99
69.99
59.99
89.99
89.99
89.99
49.99
79.99
69.99
69.99
34.99
69.99
59.99
69.99
69.99
69.99
69.99
39.99
39.99
44.99
39.99
39.99
34.99
49.99
39.99
84.99
89.99
59.99
59.99
49.99
64.99
49.99
49.99
44.99
44.99
89.99
89.99
59.99
59.99
84.99
69.99
84.99
74.99
74.99
39.99
39.99
49.99
49.99
89.99
39.99
39.99
39.99
49.99
49.99
54.99
39.99
44.99
54.99
49.99
49.99
59.99
89.99
49.99
49.99
79.99
79.99
79.99
69.99
69.99
69.99
69.99
69.99
69.99
39.99
39.99
89.99
89.99
39.99
39.99
59.99
59.99
54.99
54.99
59.99
69.99
69.99
64.99
69.99
44.99
44.99
59.99
49.99
49.99
49.99
49.99
44.99
89.99
89.99
84.99
84.99
69.99
69.99
69.99
69.99
84.99
74.99
74.99
74.99
74.99
49.99
39.99
39.99
47.99
49.99
44.99
39.99
39.99
89.99
59.99
47.99
54.99
69.99
69.99
49.99
59.99
59.99
59.99
49.99
59.99
59.99
69.99
84.99
59.99
39.99
49.99
